Total Rewardmatrix: 

Noise | 0.15 | 0.20 | 0.25 | 0.30 | 0.35 
 -----|-----------------------------------
 0.15 | 2.35 | 2.30 | 2.25 | 2.35 | 2.33 
 -----|-----------------------------------
 0.20 | 2.27 | 2.20 | 2.30 | 2.30 | 2.34 
 -----|-----------------------------------
 0.25 | 2.26 | 2.20 | 2.28 | 2.23 | 2.31 
 -----|-----------------------------------
 0.30 | 2.20 | 2.27 | 2.24 | 2.25 | 2.33 
 -----|-----------------------------------
 0.35 | 2.15 | 2.17 | 2.23 | 2.22 | 2.26 
 -----|-----------------------------------

Total Cooperatiomatrix: 

Noise | 0.15   | 0.20   | 0.25   | 0.30   | 0.35   
 -----|---------------------------------------------
 0.15 | 0.5970 | 0.5700 | 0.5510 | 0.5900 | 0.5820 
 -----|---------------------------------------------
 0.20 | 0.5570 | 0.5140 | 0.5620 | 0.5730 | 0.5800 
 -----|---------------------------------------------
 0.25 | 0.5390 | 0.5170 | 0.5520 | 0.5290 | 0.5670 
 -----|---------------------------------------------
 0.30 | 0.5080 | 0.5360 | 0.5170 | 0.5230 | 0.5760 
 -----|---------------------------------------------
 0.35 | 0.4820 | 0.4940 | 0.5290 | 0.5100 | 0.5390 
 -----|---------------------------------------------